1           0.000106    9425.15     
2           0.000192292 64.6603     
3           0.000258625 24.5772     
4           0.0003195   12.1748     
5           0.000378334 7.46861     
6           0.000439292 5.31495     
7           0.000496625 4.14249     
8           0.000554542 3.40599     
9           0.000610875 2.89261     
10          0.000669334 2.50884     
11          0.000726667 2.20844     
12          0.000784667 1.96588     
13          0.000842709 1.76569     
14          0.000899292 1.59773     
15          0.000955167 1.45501     
16          0.00101175  1.33246     
17          0.00106846  1.22633     
18          0.00112542  1.13372     
19          0.00118142  1.0524      
20          0.00123817  0.980575    
21          0.00129554  0.916824    
22          0.00135283  0.859978    
23          0.00141013  0.809078    
24          0.001468    0.763328    
25          0.00152696  0.72206     
26          0.00158567  0.684712    
27          0.00164379  0.650807    
28          0.00170163  0.619935    
29          0.00175929  0.591745    
30          0.00181738  0.565934    
31          0.00187796  0.54224     
32          0.00193571  0.520433    
33          0.00199383  0.500312    
34          0.00205213  0.481702    
35          0.00210971  0.464449    
36          0.00216708  0.448417    
37          0.00222438  0.433484    
38          0.00228188  0.419543    
39          0.00233946  0.406501    
40          0.00239679  0.394272    
41          0.00245533  0.382781    
42          0.00251304  0.371961    
43          0.00256971  0.361752    
44          0.00262733  0.3521      
45          0.00268483  0.342957    
46          0.00274213  0.334279    
47          0.00279967  0.326027    
48          0.00285625  0.318167    
49          0.00291288  0.310667    
50          0.00296933  0.303497    
51          0.00302625  0.296634    
52          0.00308242  0.290052    
53          0.00313929  0.283732    
54          0.00319838  0.277654    
55          0.00325621  0.271801    
56          0.00331321  0.266158    
57          0.00336933  0.260709    
58          0.00342583  0.255443    
59          0.00348238  0.250347    
60          0.00353829  0.245411    
61          0.00359463  0.240625    
62          0.00365138  0.23598     
63          0.00370792  0.231468    
64          0.00376396  0.227081    
65          0.00382033  0.222814    
66          0.00387663  0.218658    
67          0.00393425  0.214609    
68          0.003991    0.210661    
69          0.00404792  0.20681     
70          0.00410396  0.203051    
71          0.00416054  0.19938     
72          0.00421804  0.195793    
73          0.00427513  0.192286    
74          0.00433217  0.188857    
75          0.00438921  0.185501    
76          0.00444671  0.182217    
77          0.00450379  0.179002    
78          0.00456008  0.175853    
79          0.00461613  0.172768    
80          0.00467338  0.169745    
81          0.00472988  0.166781    
82          0.00478708  0.163876    
83          0.00484404  0.161026    
84          0.00490175  0.158231    
85          0.0049585   0.155489    
86          0.00501525  0.152798    
87          0.00507288  0.150158    
88          0.00513083  0.147566    
89          0.00518792  0.145021    
90          0.00524471  0.142523    
91          0.0053015   0.140069    
92          0.00535992  0.13766     
93          0.0054175   0.135293    
94          0.00547404  0.132969    
95          0.00553054  0.130685    
96          0.00558833  0.128442    
97          0.0056455   0.126238    
98          0.00570237  0.124072    
99          0.0057605   0.121943    
100         0.0058175   0.119852    
101         0.00587517  0.117796    
102         0.00593888  0.115776    
103         0.00600171  0.11379     
104         0.00606046  0.111839    
105         0.0061185   0.10992     
106         0.00617892  0.108034    
107         0.00623638  0.106181    
108         0.00629417  0.104358    
109         0.006351    0.102567    
110         0.00640929  0.100805    
111         0.00646692  0.0990739   
112         0.00653279  0.0973716   
113         0.00659233  0.0956979   
114         0.00664942  0.0940524   
115         0.00670625  0.0924346   
116         0.00676363  0.090844    
117         0.00682129  0.0892801   
118         0.00687842  0.0877425   
119         0.00693646  0.0862307   
120         0.00699354  0.0847442   
121         0.00704988  0.0832827   
122         0.007108    0.0818457   
123         0.00716475  0.0804328   
124         0.00722229  0.0790436   
125         0.00728071  0.0776777   
126         0.00733804  0.0763347   
127         0.00739967  0.0750143   
128         0.00746133  0.073716    
129         0.00752092  0.0724395   
130         0.00757696  0.0711844   
131         0.00763471  0.0699505   
132         0.00769288  0.0687372   
133         0.00775008  0.0675444   
134         0.00780792  0.0663716   
135         0.00786517  0.0652186   
136         0.00792233  0.0640849   
137         0.00798013  0.0629704   
138         0.00803804  0.0618746   
139         0.00809633  0.0607974   
140         0.00815396  0.0597383   
141         0.00821112  0.058697    
142         0.00826854  0.0576734   
143         0.00832521  0.0566671   
144         0.00838158  0.0556778   
145         0.008439    0.0547053   
146         0.0084975   0.0537492   
147         0.00855404  0.0528093   
148         0.00861171  0.0518854   
149         0.00866896  0.0509772   
150         0.00872496  0.0500843   
151         0.00878142  0.0492067   
152         0.00883846  0.048344    
153         0.00889625  0.047496    
154         0.00895404  0.0466625   
155         0.00901138  0.0458431   
156         0.00906883  0.0450378   
157         0.00912642  0.0442462   
158         0.00918379  0.0434681   
159         0.00924142  0.0427033   
160         0.00929917  0.0419517   
161         0.00935617  0.0412129   
162         0.00941375  0.0404867   
163         0.00947221  0.0397731   
164         0.00952958  0.0390716   
165         0.00958692  0.0383823   
166         0.00964446  0.0377048   
167         0.00970179  0.0370389   
168         0.00976204  0.0363845   
169         0.00982042  0.0357414   
170         0.00990617  0.0351094   
171         0.010005    0.0344883   
172         0.010066    0.033878    
173         0.0101251   0.0332782   
174         0.0101837   0.0326887   
175         0.0102427   0.0321095   
176         0.0103128   0.0315403   
177         0.0103871   0.0309809   
178         0.0104485   0.0304313   
179         0.0105098   0.0298912   
180         0.0105688   0.0293605   
181         0.0106279   0.028839    
182         0.0106865   0.0283266   
183         0.0107455   0.0278232   
184         0.0108028   0.0273284   
185         0.0108654   0.0268424   
186         0.0109231   0.0263647   
187         0.0109808   0.0258955   
188         0.0110415   0.0254344   
189         0.011099    0.0249814   
190         0.011157    0.0245363   
191         0.0112153   0.024099    
192         0.0112728   0.0236693   
193         0.0113304   0.0232472   
194         0.0113894   0.0228325   
195         0.0114459   0.022425    
196         0.011518    0.0220248   
197         0.0115827   0.0216315   
198         0.0116423   0.0212451   
199         0.0117012   0.0208656   
200         0.0117594   0.0204927   
201         0.0118169   0.0201264   
202         0.0118842   0.0197665   
203         0.0119593   0.019413    
204         0.0120228   0.0190657   
205         0.0120852   0.0187245   
206         0.012147    0.0183894   
207         0.0122044   0.0180602   
208         0.0122666   0.0177368   
209         0.0123253   0.0174191   
210         0.0123834   0.017107    
211         0.0124408   0.0168004   
212         0.0124983   0.0164993   
213         0.0125816   0.0162035   
214         0.0126615   0.015913    
215         0.0127243   0.0156276   
216         0.0127863   0.0153472   
217         0.0128467   0.0150718   
218         0.0129064   0.0148014   
219         0.0129641   0.0145357   
220         0.0130226   0.0142747   
221         0.0130806   0.0140184   
222         0.0131393   0.0137666   
223         0.0132115   0.0135194   
224         0.013273    0.0132765   
225         0.0133303   0.0130379   
226         0.0133877   0.0128036   
227         0.0134456   0.0125734   
228         0.0135033   0.0123474   
229         0.0135607   0.0121254   
230         0.0136192   0.0119073   
231         0.0136768   0.0116932   
232         0.0137342   0.0114828   
233         0.0137935   0.0112762   
234         0.0138515   0.0110733   
235         0.0139095   0.0108741   
236         0.0139675   0.0106783   
237         0.0140257   0.0104861   
238         0.0140841   0.0102973   
239         0.0141432   0.0101119   
240         0.0142034   0.00992985  
241         0.0142615   0.00975102  
242         0.0143223   0.0095754   
243         0.0143805   0.00940291  
244         0.0144409   0.00923352  
245         0.0144993   0.00906716  
246         0.014559    0.00890378  
247         0.0146185   0.00874333  
248         0.0146766   0.00858575  
249         0.0147368   0.008431    
250         0.014796    0.00827903  
251         0.0148556   0.00812978  
252         0.0149135   0.00798321  
253         0.0149712   0.00783928  
254         0.0150289   0.00769792  
255         0.0150862   0.00755911  
256         0.0151438   0.00742279  
257         0.0152011   0.00728892  
258         0.0152608   0.00715745  
259         0.015317    0.00702834  
260         0.0153735   0.00690156  
261         0.0154312   0.00677706  
262         0.0154879   0.00665479  
263         0.015546    0.00653473  
264         0.0156038   0.00641682  
265         0.0156613   0.00630104  
266         0.0157198   0.00618734  
267         0.0157776   0.00607568  
268         0.0158362   0.00596604  
269         0.0158936   0.00585837  
270         0.0159527   0.00575264  
271         0.0160113   0.00564881  
272         0.0160681   0.00554685  
273         0.016126    0.00544673  
274         0.0161823   0.00534842  
275         0.0162389   0.00525187  
276         0.0162944   0.00515707  
277         0.016352    0.00506397  
278         0.0164089   0.00497256  
279         0.016465    0.00488279  
280         0.0165211   0.00479464  
281         0.0165778   0.00470808  
282         0.0166345   0.00462308  
283         0.0166913   0.00453961  
284         0.0167494   0.00445765  
285         0.0168073   0.00437717  
286         0.0168639   0.00429814  
287         0.0169205   0.00422054  
288         0.0169776   0.00414434  
289         0.0170343   0.00406951  
290         0.0170905   0.00399604  
291         0.017147    0.00392389  
292         0.017204    0.00385304  
293         0.0172603   0.00378348  
294         0.017317    0.00371517  
295         0.0173741   0.00364809  
296         0.0174299   0.00358222  
297         0.017487    0.00351755  
298         0.0175434   0.00345404  
299         0.0175998   0.00339168  
300         0.017656    0.00333044  
301         0.0177135   0.00327032  
302         0.017771    0.00321128  
303         0.0178288   0.0031533   
304         0.0178862   0.00309638  
305         0.017944    0.00304048  
306         0.0180003   0.00298559  
307         0.0180566   0.00293169  
308         0.0181138   0.00287877  
309         0.0181704   0.00282681  
310         0.0182264   0.00277578  
311         0.0182836   0.00272568  
312         0.0183401   0.00267648  
313         0.0183983   0.00262817  
314         0.0184574   0.00258074  
315         0.0185144   0.00253416  
316         0.0185723   0.00248842  
317         0.0186294   0.00244352  
318         0.0186868   0.00239942  
319         0.018743    0.00235612  
320         0.0187996   0.0023136   
321         0.018856    0.00227186  
322         0.0189123   0.00223086  
323         0.01897     0.00219061  
324         0.0190273   0.00215109  
325         0.0190852   0.00211228  
326         0.0191413   0.00207417  
327         0.0191991   0.00203675  
328         0.019257    0.00200001  
329         0.0193139   0.00196394  
330         0.0193718   0.00192851  
331         0.0194304   0.00189373  
332         0.019489    0.00185957  
333         0.0195473   0.00182604  
334         0.0196187   0.00179311  
335         0.0196785   0.00176077  
336         0.0197372   0.00172902  
337         0.0197952   0.00169784  
338         0.0198518   0.00166723  
339         0.0199114   0.00163717  
340         0.0199718   0.00160766  
341         0.0200295   0.00157868  
342         0.0200873   0.00155022  
343         0.020144    0.00152228  
344         0.0202009   0.00149484  
345         0.0202583   0.0014679   
346         0.0203147   0.00144144  
347         0.0203714   0.00141547  
348         0.0204281   0.00138996  
349         0.0204848   0.00136492  
350         0.0205409   0.00134032  
351         0.020598    0.00131618  
352         0.0206548   0.00129246  
353         0.0207126   0.00126918  
354         0.0207688   0.00124632  
355         0.0208255   0.00122387  
356         0.0208829   0.00120183  
357         0.0209392   0.00118019  
358         0.0209957   0.00115893  
359         0.0210528   0.00113807  
360         0.0211099   0.00111757  
361         0.0211673   0.00109745  
362         0.0212238   0.0010777   
363         0.0212801   0.0010583   
364         0.0213379   0.00103925  
365         0.0213948   0.00102054  
366         0.0214515   0.00100217  
367         0.0215087   0.000984139 
368         0.0215658   0.00096643  
369         0.0216228   0.000949041 
370         0.0216795   0.000931965 
371         0.0217359   0.000915199 
372         0.021794    0.000898735 
373         0.0218509   0.000882569 
374         0.021907    0.000866695 
375         0.0219633   0.000851107 
376         0.0220201   0.000835801 
377         0.022078    0.000820772 
378         0.022136    0.000806014 
379         0.0221945   0.000791522 
380         0.0222515   0.000777293 
381         0.0223079   0.00076332  
382         0.0223657   0.0007496   
383         0.022423    0.000736127 
384         0.0224798   0.000722897 
385         0.0225362   0.000709907 
386         0.0225929   0.000697151 
387         0.022648    0.000684625 
388         0.0227045   0.000672326 
389         0.0227606   0.000660248 
390         0.0228177   0.000648388 
391         0.0228751   0.000636743 
392         0.0229317   0.000625307 
393         0.0229875   0.000614078 
394         0.0230445   0.000603052 
395         0.0231008   0.000592225 
396         0.0231571   0.000581593 
397         0.0232133   0.000571152 
398         0.0232694   0.000560901 
399         0.0233259   0.000550834 
400         0.0233823   0.000540948 
401         0.0234401   0.000531241 
402         0.0234965   0.000521709 
403         0.0235526   0.000512349 
404         0.0236084   0.000503158 
405         0.023665    0.000494133 
406         0.0237221   0.00048527  
407         0.0237789   0.000476567 
408         0.0238351   0.000468021 
409         0.0238923   0.000459629 
410         0.0239492   0.000451388 
411         0.0240062   0.000443296 
412         0.0240629   0.000435349 
413         0.0241207   0.000427546 
414         0.0241777   0.000419884 
415         0.0242338   0.000412359 
416         0.0242905   0.000404971 
417         0.0243487   0.000397715 
418         0.024405    0.00039059  
419         0.0244612   0.000383593 
420         0.0245188   0.000376722 
421         0.024576    0.000369975 
422         0.0246332   0.00036335  
423         0.0246897   0.000356844 
424         0.0247461   0.000350455 
425         0.0248031   0.000344181 
426         0.0248601   0.00033802  
427         0.0249179   0.00033197  
428         0.0249753   0.000326029 
429         0.0250322   0.000320195 
430         0.0250888   0.000314465 
431         0.0251462   0.000308839 
432         0.0252028   0.000303315 
433         0.0252593   0.000297889 
434         0.0253164   0.000292561 
435         0.0253733   0.000287329 
436         0.0254298   0.000282191 
437         0.0254857   0.000277146 
438         0.0255432   0.000272191 
439         0.0256      0.000267326 
440         0.0256577   0.000262547 
441         0.0257158   0.000257855 
442         0.0257733   0.000253247 
443         0.0258294   0.000248722 
444         0.0259031   0.000244279 
445         0.0259644   0.000239915 
446         0.026022    0.00023563  
447         0.0260792   0.000231421 
448         0.0261365   0.000227289 
449         0.0261926   0.00022323  
450         0.0262503   0.000219245 
451         0.0263073   0.000215331 
452         0.0263652   0.000211487 
453         0.0264212   0.000207712 
454         0.0264781   0.000204005 
455         0.0265348   0.000200365 
456         0.0265921   0.00019679  
457         0.0266495   0.00019328  
458         0.0267068   0.000189832 
459         0.0267631   0.000186446 
460         0.0268222   0.000183121 
461         0.0268794   0.000179856 
462         0.0269373   0.000176649 
463         0.0269947   0.0001735   
464         0.0270517   0.000170407 
465         0.0271092   0.00016737  
466         0.0271657   0.000164387 
467         0.0272222   0.000161458 
468         0.027279    0.000158581 
469         0.0273357   0.000155756 
470         0.0273918   0.000152982 
471         0.0274477   0.000150257 
472         0.0275041   0.000147581 
473         0.0275614   0.000144953 
474         0.0276177   0.000142372 
475         0.0276739   0.000139838 
476         0.027731    0.000137349 
477         0.0277879   0.000134904 
478         0.0278443   0.000132504 
479         0.0279015   0.000130146 
480         0.0279592   0.00012783  
481         0.0280163   0.000125556 
482         0.0280732   0.000123323 
483         0.02813     0.00012113  
484         0.0281866   0.000118976 
485         0.0282435   0.00011686  
486         0.0282999   0.000114783 
487         0.0283561   0.000112742 
488         0.0284133   0.000110738 
489         0.0284697   0.00010877  
490         0.0285263   0.000106838 
491         0.0285849   0.000104939 
492         0.0286415   0.000103075 
493         0.0286991   0.000101244 
494         0.0287571   9.94462e-05 
