50          1.000000e+00        0.0705531           9.56701272765425165e+03  3.15953618310340971e+01  
50          1.000000e-01        0.0691921           9.59299460368636210e+03  5.61348579892364796e+00  
50          1.000000e-02        0.0701478           9.59799576588925447e+03  6.12323596031274064e-01  
50          1.000000e-03        0.0713035           9.59848275820187519e+03  1.25331283410559990e-01  
50          1.000000e-04        0.0704975           9.59853122138019717e+03  7.68681050885788864e-02  
50          1.000000e-05        0.072638            9.59853620352533835e+03  7.18859599473944400e-02  
50          1.000000e-06        0.0730614           9.59853670830613009e+03  7.13811791556508979e-02  
50          1.000000e-07        0.0747042           9.59853676046339933e+03  7.13290218864131020e-02  
50          1.000000e-08        0.07599             9.59853676578094746e+03  7.13237043382832780e-02  
50          1.000000e-09        0.0764827           9.59853676632799943e+03  7.13231572863151086e-02  
50          1.000000e-10        0.0768188           9.59853676638331490e+03  7.13231019708473468e-02  
50          1.000000e-11        0.0794821           9.59853676638851175e+03  7.13230967739946209e-02  
50          1.000000e-12        0.0782045           9.59853676638909383e+03  7.13230961919180118e-02  
50          1.000000e-13        0.0784678           9.59853676638909383e+03  7.13230961919180118e-02  
50          1.000000e-14        0.0777123           9.59853676638909383e+03  7.13230961919180118e-02  
