100         1.000000e+00        0.13673             9.56852347879501758e+03  3.00846106902681640e+01  
100         1.000000e-01        0.141212            9.58955977340872596e+03  9.04831607655978587e+00  
100         1.000000e-02        0.145597            9.59701741101127300e+03  1.59067847401274776e+00  
100         1.000000e-03        0.145354            9.59845575046950762e+03  1.52339015778125031e-01  
100         1.000000e-04        0.148504            9.59859289051597807e+03  1.51989693076757248e-02  
100         1.000000e-05        0.152985            9.59860656889633538e+03  1.52058895037043840e-03  
100         1.000000e-06        0.158699            9.59860793741605630e+03  1.52069229443441145e-04  
100         1.000000e-07        0.161699            9.59860807427792133e+03  1.52073644130723551e-05  
100         1.000000e-08        0.162084            9.59860808796451602e+03  1.52076972881332040e-06  
100         1.000000e-09        0.172063            9.59860808933320004e+03  1.52085704030469060e-07  
100         1.000000e-10        0.176918            9.59860808946861471e+03  1.66710378834977746e-08  
100         1.000000e-11        0.179139            9.59860808948167141e+03  3.61433194484561682e-09  
100         1.000000e-12        0.181768            9.59860808948315207e+03  2.13367457035928965e-09  
100         1.000000e-13        0.180785            9.59860808948315207e+03  2.13367457035928965e-09  
100         1.000000e-14        0.179413            9.59860808948315207e+03  2.13367457035928965e-09  
