75          1.000000e+00        0.101531            9.56938113735401203e+03  2.92269521312737197e+01  
75          1.000000e-01        0.106537            9.58901561235998633e+03  9.59247712529941055e+00  
75          1.000000e-02        0.108491            9.59701875125622428e+03  1.58933822906146816e+00  
75          1.000000e-03        0.10837             9.59845588553031303e+03  1.52203954972719657e-01  
75          1.000000e-04        0.111283            9.59859290406680157e+03  1.51854184841795359e-02  
75          1.000000e-05        0.116726            9.59860657016905134e+03  1.51931623440759722e-03  
75          1.000000e-06        0.119963            9.59860793744963121e+03  1.52035654537030496e-04  
75          1.000000e-07        0.121641            9.59860807418655349e+03  1.52987322508124635e-05  
75          1.000000e-08        0.127246            9.59860808786053894e+03  1.62474680109880865e-06  
75          1.000000e-09        0.129495            9.59860808922696197e+03  2.58323780144564807e-07  
75          1.000000e-10        0.134609            9.59860808936356989e+03  1.21715856948867440e-07  
75          1.000000e-11        0.135308            9.59860808937643196e+03  1.08853782876394689e-07  
75          1.000000e-12        0.137189            9.59860808937804541e+03  1.07240339275449514e-07  
75          1.000000e-13        0.137567            9.59860808937804541e+03  1.07240339275449514e-07  
75          1.000000e-14        0.135696            9.59860808937804541e+03  1.07240339275449514e-07  
