30          1.000000e+00        0.0403651           9.57140753060936731e+03  2.72005588759184320e+01  
30          1.000000e-01        0.0413683           9.58141369767976357e+03  1.71943918055221729e+01  
30          1.000000e-02        0.042242            9.58291974574370579e+03  1.56883437415799563e+01  
30          1.000000e-03        0.0424698           9.58313092832675284e+03  1.54771611585329083e+01  
30          1.000000e-04        0.0448833           9.58317346792865828e+03  1.54346215566274623e+01  
30          1.000000e-05        0.0439417           9.58317817270378873e+03  1.54299167814970133e+01  
30          1.000000e-06        0.0432404           9.58317864579253910e+03  1.54294436927466450e+01  
30          1.000000e-07        0.0435834           9.58317869347822489e+03  1.54293960070608591e+01  
30          1.000000e-08        0.0439794           9.58317869817637620e+03  1.54293913089095440e+01  
30          1.000000e-09        0.0447655           9.58317869864895874e+03  1.54293908363270020e+01  
30          1.000000e-10        0.0450823           9.58317869869618153e+03  1.54293907891042181e+01  
30          1.000000e-11        0.0457398           9.58317869870120376e+03  1.54293907840819884e+01  
30          1.000000e-12        0.0459975           9.58317869870145842e+03  1.54293907838273299e+01  
30          1.000000e-13        0.0460059           9.58317869870145842e+03  1.54293907838273299e+01  
30          1.000000e-14        0.046319            9.58317869870145842e+03  1.54293907838273299e+01  
