n  time in seconds  nu1  nu2  gamma  
4  0.000224083      2    1    2        
7  0.00247142       2    1    2      
7  0.00333633       2    1    2      
7  0.00252696       2    1    2      
7  0.00264988       2    1    2      
7  0.00254121       2    1    2      
7  0.00253513       2    1    2      
7  0.00273683       2    1    2      
7  0.00269804       2    1    2      
7  0.00267288       2    1    2      
7  0.0025705        2    1    2      
7  0.00254271       2    1    2      
7  0.00298321       2    1    2      
7  0.0024255        2    1    2      
7  0.00270133       2    1    2      
7  0.00153667       2    1    2      
7  0.00217037       2    1    2      
7  0.00251092       2    1    2      
7  0.00262442       2    1    2      
7  0.00259071       2    1    2      
7  0.00264804       2    1    2      
7  0.00262046       2    1    2      
7  0.00264863       2    1    2      
7  0.00257879       2    1    2      
7  0.00251208       2    1    2      
7  0.00285808       2    1    2      
7  0.00268396       2    1    2      
7  0.00160204       2    1    2      
7  0.00278829       2    1    2      
4  0.0029145        1    1    2      
4  0.002948         1    1    2      
4  0.00352404       1    1    2      
4  0.00124988       1    1    2      
7  0.00849254       1    1    2      
7  0.00661629       1    2    2      
4  0.000886792      1    2    2      
10 0.238492         1    2    2      
7  0.00515563       1    2    2      
4  0.000907458      1    2    2      
5  0.00141438       1    2    2      
4  0.000309917      1    2    2      
4  0.00103475       1    1    2      
4  0.000826417      1    1    2      
7  0.00652779       1    1    2      
4  0.000744708      2    1    2      
7  0.00588688       2    1    2      
4  0.000834584      1    1    2      
7  0.00654775       1    1    2      
7  0.005855         2    1    2      
4  0.000745458      2    1    2      
7  0.00665183       1    1    2      
4  0.000828125      1    1    2      
8  0.0225663        1    1    1      
4  0.00234708       1    1    2      
7  0.0106955        1    1    2      
7  0.00962004       2    1    2      
4  0.00142454       2    1    2      
