1
2.3849e-17
-9.30982e-16
-1.67939e-15
-1.77251e-15
-5.70517e-15
-4.6202e-15
-4.79145e-15
-2.222e-15
-3.5431e-15
-1.03679e-15
-1.50839e-15
2.73556e-16
-5.44864e-16
1.44994e-15
1.81806e-15
3.69568e-15
6.59226e-15
4.65691e-15
4.52608e-15
7.26868e-15
6.26968e-15
7.0794e-15
7.05534e-15
1.04836e-14
7.83175e-15
9.45755e-15
1.19794e-14
1.065e-14
1.86976e-14
1.38897e-14
1.42714e-14
2.39605e-14
2.1149e-14
2.37092e-14
5.38895e-14
4.24227e-14
4.36273e-14
3.43399e-14
2.95949e-14
9.99311e-15
1.29894e-14
5.44332e-14
1.87349e-13
1.9671e-13
1.33169e-13
1.14477e-13
8.3964e-14
9.80856e-14
1.18548e-13
8.83685e-14
1.08382e-13
7.10613e-14
7.77966e-14
3.95004e-14
9.68402e-14
1.73709e-13
1.56531e-13
1.95408e-13
2.22529e-13
2.56984e-13
1.6432e-13
1.64507e-13
1.07634e-13
1.33466e-13
1.41926e-13
9.06782e-14
2.22439e-13
1.60204e-13
2.45801e-13
1.84609e-13
3.27739e-13
4.62897e-13
3.00557e-13
2.15529e-13
1.40397e-13
1.59099e-13
1.30182e-13
3.04435e-13
6.0774e-13
3.5998e-13
6.52444e-13
3.89793e-13
4.20833e-13
3.24992e-13
2.84083e-13
2.81076e-13
1.94603e-13
3.02814e-13
2.24811e-13
2.92604e-13
6.44012e-13
8.46554e-13
1.27116e-12
8.05721e-13
6.46144e-13
3.4721e-13
3.9769e-13
8.55719e-13
1.22807e-12
4.79341e-13
1.22844e-12
1.27941e-12
9.01278e-13
5.72002e-13
6.69771e-13
6.1182e-13
5.28747e-13
6.47715e-13
1.0672e-12
1.96071e-12
1.92754e-12
1.59819e-12
1.4808e-12
5.76989e-13
1.08399e-12
1.36827e-12
8.80129e-13
1.31527e-12
1.63069e-12
2.32457e-12
1.43643e-12
1.49373e-12
7.68354e-13
2.00411e-13
1.20208e-12
1.41574e-12
1.57316e-12
2.19661e-12
2.72798e-12
1.77784e-12
1.89538e-12
1.52021e-12
1.37311e-12
7.08361e-13
8.78849e-13
1.12599e-12
1.94477e-12
3.79712e-12
4.49959e-12
1.42726e-12
1.57295e-12
2.08215e-12
1.37375e-12
1.53977e-12
3.15555e-12
2.98131e-12
4.10943e-12
4.4852e-12
5.90246e-12
3.88894e-12
2.85293e-12
1.22692e-12
2.11738e-12
1.89357e-12
5.53161e-12
6.86769e-12
4.32773e-12
3.89821e-12
3.39016e-12
3.81706e-12
3.06463e-12
2.94224e-12
4.96528e-12
8.69456e-12
6.51056e-12
7.17955e-12
5.94193e-12
3.21639e-12
2.32466e-12
2.48197e-12
5.66247e-12
7.68511e-12
7.45932e-12
1.01695e-11
9.55065e-12
1.00385e-11
6.71478e-12
3.6423e-12
2.69534e-12
5.58037e-12
8.9921e-12
1.29359e-11
9.02841e-12
1.22281e-11
8.82564e-12
6.73443e-12
8.14717e-12
6.64623e-12
6.95716e-12
8.5719e-12
1.17933e-11
1.26465e-11
1.67096e-11
1.87605e-11
3.94988e-12
5.08175e-12
1.16857e-11
2.74155e-11
1.76814e-11
2.58737e-11
1.61869e-11
2.62646e-11
1.59548e-11
8.76292e-12
6.87314e-12
1.10205e-11
1.32072e-11
1.5505e-11
2.67567e-11
3.22125e-11
1.93215e-11
9.60461e-12
9.7228e-12
1.88883e-11
1.21568e-11
2.0762e-11
4.41498e-11
3.24865e-11
2.05296e-11
2.20984e-11
9.8806e-12
1.24351e-11
1.94822e-11
1.73175e-11
2.31162e-11
4.39415e-11
3.07182e-11
2.87164e-11
2.30804e-11
2.89761e-11
1.26455e-11
1.46711e-11
3.27225e-11
6.25284e-11
4.34245e-11
2.04399e-11
2.5389e-11
1.56911e-11
2.18743e-11
1.98012e-11
2.74757e-11
3.27037e-11
4.75234e-11
5.88668e-11
2.29917e-11
3.79513e-11
2.54949e-11
2.41199e-11
4.62041e-11
5.80446e-11
8.42288e-11
5.59522e-11
4.87697e-11
4.61516e-11
4.04864e-11
3.61276e-11
5.21935e-11
5.12059e-11
1.21405e-10
1.12897e-10
6.00042e-11
4.45988e-11
6.0115e-11
2.29551e-11
3.35957e-11
2.48058e-11
7.74689e-11
1.37475e-10
6.13026e-11
6.87089e-11
7.5047e-11
2.742e-11
2.93974e-11
8.05369e-11
1.38525e-10
1.06124e-10
7.27659e-11
1.53885e-10
7.15936e-11
4.44884e-11
1.2152e-10
1.0325e-10
1.9391e-10
1.63638e-10
1.46065e-10
9.77397e-11
1.04562e-10
6.13224e-11
5.51931e-11
8.88508e-11
2.1076e-10
3.07224e-10
1.28729e-10
1.59484e-10
1.06016e-10
6.74663e-11
7.56112e-11
2.31597e-10
2.35295e-10
1.89427e-10
3.9524e-10
2.37047e-10
1.55854e-10
1.92505e-10
2.22578e-10
3.90057e-10
2.87362e-10
2.56799e-10
3.60993e-10
6.29088e-11
8.82393e-11
1.96871e-10
6.08794e-10
8.86537e-10
4.03459e-10
2.32543e-10
2.00995e-10
4.68941e-10
5.12704e-10
5.30445e-10
8.86981e-10
1.03079e-09
3.50847e-10
4.48195e-10
1.0243e-09
1.51949e-09
1.45333e-09
1.0793e-09
4.82161e-10
5.66336e-10
1.28699e-09
1.78005e-09
6.97551e-10
1.13135e-09
7.23421e-10
8.29896e-10
7.72286e-10
1.50702e-09
2.90832e-09
1.82816e-09
4.69142e-10
1.14498e-09
1.86401e-09
2.16759e-09
2.3427e-09
2.46589e-09
1.07578e-09
1.80059e-09
4.85651e-09
2.68784e-09
3.02357e-09
3.24185e-09
1.94858e-09
2.35938e-09
3.17455e-09
5.68876e-09
2.08379e-09
1.74522e-09
7.68111e-10
1.62841e-09
2.50637e-09
4.62155e-09
5.54859e-09
1.45008e-09
1.20109e-09
5.15161e-09
6.77548e-09
6.70389e-09
5.72463e-09
4.40787e-09
2.6973e-09
6.68779e-09
8.12808e-09
4.31564e-09
5.93276e-09
3.36605e-09
2.89356e-09
1.14768e-08
1.174e-08
8.76126e-09
7.27303e-09
5.44334e-09
4.40984e-09
1.12487e-08
1.6869e-08
5.65053e-09
9.48575e-09
1.05643e-08
8.81923e-09
1.51621e-08
2.35903e-08
1.06708e-08
7.56638e-09
2.03966e-08
2.48166e-08
1.97193e-08
1.99338e-08
1.10777e-08
7.11606e-09
4.20597e-08
3.50436e-08
2.17636e-08
2.32318e-08
1.32391e-08
4.66524e-08
3.61215e-08
1.71185e-08
2.15221e-08
2.6553e-08
6.45297e-08
5.16128e-08
2.0583e-08
3.67016e-08
5.63634e-08
6.47049e-08
1.06881e-07
2.09578e-08
3.47897e-08
8.93906e-08
1.00967e-07
1.48519e-07
3.40912e-08
7.63277e-08
1.66085e-07
7.50272e-08
5.97483e-08
6.0183e-08
6.15373e-08
2.56369e-07
7.0289e-08
8.21394e-08
1.07065e-07
1.19819e-07
2.49286e-07
1.03484e-07
7.72374e-08
2.44534e-07
2.16964e-07
3.6292e-07
1.69516e-07
1.37944e-07
4.7276e-07
2.55228e-07
2.39263e-07
1.49204e-07
1.57853e-07
4.47616e-07
6.40214e-07
2.20723e-07
2.81304e-07
2.443e-07
6.19925e-07
6.11958e-07
1.99528e-07
3.18563e-07
2.96407e-07
8.37666e-07
1.01099e-06
3.63152e-07
6.05966e-07
9.96813e-07
8.61573e-07
9.66874e-07
5.79629e-07
1.0914e-06
1.56672e-06
9.62307e-07
7.24996e-07
4.86475e-07
1.05768e-06
2.03019e-06
1.0395e-06
9.29174e-07
8.01282e-07
2.28017e-06
2.60283e-06
1.02693e-06
1.69357e-06
1.7694e-06
