1
0.869181
0.856426
0.730349
0.643465
0.59931
0.562944
0.48001
0.455436
0.425067
0.368494
0.33834
0.312096
0.294205
0.265839
0.241378
0.220178
0.217124
0.211918
0.195028
0.179542
0.169455
0.162717
0.15693
0.153834
0.149615
0.144669
0.14188
0.132941
0.129908
0.125823
0.119291
0.114747
0.107533
0.103182
0.0997671
0.0970984
0.092959
0.0901281
0.0882468
0.084084
0.080129
0.0750792
0.0719088
0.0695495
0.0677269
0.0665751
0.0655089
0.0633843
0.0609269
0.0602589
0.0560159
0.0540027
0.0530623
0.0515663
0.0505053
0.0497831
0.0484926
0.0468504
0.0455009
0.0433339
0.0413059
0.0395166
0.0384279
0.0380355
0.036364
0.0349525
0.034084
0.0331639
0.0326984
0.0320032
0.031455
0.030577
0.0301777
0.0291402
0.0283271
0.0275642
0.0250291
0.0238258
0.0231423
0.0226837
0.0219645
0.0215371
0.0208745
0.020516
0.0197016
0.0189606
0.0186131
0.0178277
0.0175333
0.0173112
0.0170453
0.0166816
0.0164715
0.016179
0.0156492
0.0154617
0.0150314
0.0146602
0.0143275
0.0136054
0.0128204
0.0126322
0.0124044
0.0119913
0.0119001
0.0114261
0.0111093
0.0107605
0.0103671
0.0100657
0.00964342
0.00935972
0.00917851
0.00905088
0.00879265
0.00854247
0.00827697
0.00801215
0.00790688
0.0076785
0.00760198
0.00751571
0.00726287
0.00702459
0.00688289
0.00670699
0.00642769
0.00631509
0.00612992
0.00606563
0.00592514
0.00577204
0.00559588
0.00541913
0.00530197
0.00509156
0.00499538
0.00486244
0.00478364
0.00466759
0.00445877
0.00435378
0.00420481
0.00408329
0.00391749
0.00371496
0.0036187
0.00354138
0.00349176
0.00335279
0.00331094
0.00323792
0.00316986
0.00312708
0.00306495
0.00301225
0.00292914
0.00287797
0.00278592
0.002726
0.00260843
0.00254365
0.00248135
0.00241233
0.00234667
0.00230212
0.00226331
0.00221251
0.00218237
0.00209084
0.00199037
0.00181807
0.00172388
0.0016796
0.00160713
0.001559
0.00152036
0.00149373
0.00143818
0.00139661
0.00136332
0.00125016
0.00120429
0.00116174
0.00113536
0.00112198
0.00108995
0.00103946
0.000971003
0.000950757
0.000893395
0.000865153
0.000826359
0.000808393
0.000778304
0.000746082
0.000711248
0.000663724
0.00062726
0.000590791
0.000579096
0.000570584
0.000557889
0.000548947
0.00053573
0.000526328
0.000515923
0.000507781
0.000496375
0.00048778
0.000475183
0.000447519
0.000441748
0.000429667
0.000425507
0.000420223
0.000412531
0.000392269
0.000378573
0.000368864
0.000360651
0.000356349
0.000346455
0.000340771
0.00033065
0.000317619
0.000304878
0.000286606
0.000281163
0.000274209
0.000269128
0.000261952
0.000258547
0.000250337
0.000244137
0.000240966
0.000234488
0.000230734
0.000227338
0.000218244
0.000200466
0.000192309
0.000184526
0.000175923
0.000168767
0.000157534
0.000152547
0.000148466
0.000145882
0.0001428
0.000140025
0.000134055
0.000128083
0.000125461
0.000121305
0.000120293
0.000119114
0.000118003
0.000115106
0.000113452
0.000111545
0.000109788
0.000109044
0.000107112
0.00010651
0.000105734
0.000102201
0.000100608
9.64914e-05
9.43726e-05
9.29988e-05
9.12174e-05
8.62479e-05
8.47511e-05
8.07531e-05
7.82693e-05
7.72548e-05
7.46851e-05
7.18651e-05
6.87106e-05
6.44769e-05
5.96794e-05
5.59087e-05
5.35537e-05
5.20071e-05
5.12827e-05
4.87267e-05
4.69983e-05
4.51352e-05
4.27588e-05
4.14116e-05
4.02248e-05
3.93541e-05
3.78749e-05
3.71336e-05
3.5844e-05
3.48584e-05
3.43354e-05
3.3166e-05
3.27823e-05
3.21081e-05
3.14323e-05
3.05986e-05
2.9736e-05
2.87178e-05
2.82679e-05
2.76837e-05
2.67878e-05
2.6142e-05
2.46891e-05
2.34791e-05
2.27716e-05
2.2338e-05
2.13699e-05
2.01333e-05
1.94031e-05
1.77669e-05
1.65747e-05
1.57074e-05
1.54328e-05
1.51186e-05
1.45401e-05
1.40843e-05
1.34436e-05
1.27708e-05
1.22088e-05
1.19205e-05
1.13736e-05
1.12228e-05
1.09472e-05
1.04485e-05
1.01955e-05
9.23544e-06
8.80734e-06
8.44722e-06
8.24508e-06
7.87211e-06
7.64763e-06
7.46303e-06
7.16962e-06
7.00308e-06
6.57538e-06
6.40106e-06
6.01703e-06
5.53426e-06
5.08334e-06
4.83583e-06
4.71635e-06
4.61692e-06
4.51638e-06
4.22863e-06
4.10281e-06
3.85205e-06
3.53521e-06
3.4485e-06
3.28429e-06
3.24851e-06
3.21954e-06
3.18817e-06
3.02304e-06
2.90731e-06
2.75794e-06
2.62617e-06
2.57824e-06
2.50333e-06
2.44377e-06
2.37724e-06
2.29342e-06
2.02357e-06
1.96346e-06
1.88316e-06
1.80468e-06
1.7535e-06
1.66638e-06
1.64437e-06
1.55736e-06
1.51673e-06
1.49374e-06
1.43691e-06
1.3704e-06
1.32055e-06
1.25085e-06
1.20189e-06
1.18423e-06
1.14849e-06
1.12527e-06
1.10744e-06
1.06884e-06
1.0483e-06
1.01614e-06
9.81814e-07
9.44356e-07
9.38467e-07
9.03478e-07
8.8376e-07
8.64003e-07
8.44501e-07
8.33361e-07
8.13002e-07
7.84764e-07
7.47464e-07
7.3256e-07
7.11322e-07
7.02219e-07
6.91331e-07
6.6832e-07
6.46807e-07
5.94008e-07
5.87782e-07
5.79617e-07
5.68214e-07
5.54027e-07
5.35979e-07
5.22187e-07
5.05643e-07
4.94558e-07
4.69223e-07
4.64223e-07
4.59025e-07
4.4795e-07
4.41002e-07
4.13093e-07
3.80966e-07
3.6694e-07
3.53614e-07
3.42599e-07
3.38642e-07
3.2285e-07
3.07535e-07
3.00532e-07
2.75823e-07
2.70862e-07
2.66044e-07
2.5728e-07
2.50183e-07
2.3928e-07
2.35663e-07
2.30636e-07
2.26056e-07
2.16842e-07
2.11524e-07
1.97175e-07
1.88698e-07
1.79434e-07
1.69358e-07
1.63402e-07
1.61336e-07
1.58011e-07
1.48632e-07
1.45117e-07
1.37494e-07
1.35428e-07
1.34247e-07
1.3308e-07
1.32e-07
1.3015e-07
1.27933e-07
1.23487e-07
1.14264e-07
1.12517e-07
1.11254e-07
1.08626e-07
1.0362e-07
1.02569e-07
9.96882e-08
