1
0.999919
0.997982
0.993266
0.958022
0.718626
0.264655
0.230802
0.111237
0.100472
0.0971426
0.0494149
0.0452584
0.0357225
0.0276014
0.025366
0.0235351
0.0201275
0.0168782
0.0129893
0.0124819
0.0103841
0.0101983
0.00991291
0.00809748
0.00783531
0.00622602
0.00531076
0.00434208
0.0042485
0.00415293
0.00328429
0.00319277
0.00289909
0.00260484
0.0024523
0.0021821
0.00213404
0.00175639
0.00170471
0.00145476
0.00143093
0.00138429
0.00126892
0.00120505
0.000882197
0.000759651
0.000700315
0.000664238
0.000643075
0.000555157
0.000538268
0.000441253
0.000429754
0.000409999
0.000353053
0.000334758
0.000313002
0.000307392
0.000277272
0.000264876
0.00021078
0.00020524
0.000197354
0.000156031
0.000149789
0.000126057
0.000124333
0.000112649
0.00010453
7.82567e-05
6.82925e-05
6.62904e-05
5.67525e-05
5.50957e-05
4.78156e-05
4.60329e-05
4.36541e-05
3.71061e-05
3.43454e-05
3.13143e-05
3.02907e-05
2.70624e-05
2.6365e-05
2.53923e-05
1.96127e-05
1.83511e-05
1.40064e-05
1.35743e-05
1.17777e-05
1.03226e-05
9.04666e-06
8.22606e-06
8.09809e-06
7.07467e-06
6.8986e-06
5.6255e-06
5.53473e-06
5.37029e-06
4.82224e-06
4.1053e-06
3.82437e-06
3.7872e-06
3.0193e-06
2.79635e-06
2.30017e-06
2.19754e-06
2.11604e-06
1.86778e-06
1.80911e-06
1.59611e-06
1.54309e-06
1.41845e-06
1.34908e-06
1.25064e-06
1.18395e-06
1.16402e-06
1.00514e-06
9.34537e-07
6.5175e-07
6.30298e-07
6.06909e-07
5.62223e-07
5.32037e-07
4.74865e-07
4.5421e-07
3.85434e-07
3.78938e-07
3.53717e-07
3.09478e-07
2.91328e-07
2.63197e-07
2.50331e-07
2.16286e-07
1.97399e-07
1.64158e-07
1.53404e-07
1.49219e-07
1.24983e-07
1.20576e-07
1.08533e-07
1.0767e-07
1.00471e-07
7.89678e-08
