1
0.9878
0.987203
0.952289
0.594092
0.196654
0.19164
0.142815
0.10776
0.0885432
0.0782485
0.0762742
0.0436253
0.0397936
0.0394037
0.0376478
0.0372158
0.0246169
0.0237632
0.0234565
0.0226067
0.0220294
0.0178806
0.0177745
0.0172039
0.0140185
0.0125382
0.00989064
0.00982983
0.00967387
0.00905046
0.00895854
0.0086939
0.00867001
0.00786392
0.00608379
0.00588321
0.00536367
0.00533729
0.00483388
0.00438929
0.00433686
0.00424275
0.0041998
0.00369381
0.00360614
0.00355367
0.00338632
0.00324036
0.00266109
0.00263407
0.00261281
0.00225938
0.00215925
0.00199492
0.00194591
0.00189323
0.00156371
0.00154262
0.00152129
0.00151362
0.00142504
0.00131961
0.00130123
0.00126251
0.00124058
0.00103674
0.000981453
0.000967428
0.000898121
0.000872083
0.000782183
0.000759757
0.00075259
0.000680566
0.000667487
0.000637618
0.000634627
0.000631842
0.000578447
0.000567342
0.000553405
0.000551085
0.000536791
0.000429645
0.000417236
0.000403498
0.000400031
0.00038301
0.00036391
0.000359756
0.000344248
0.000332444
0.000306337
0.000292621
0.000291293
0.000266741
0.000256705
0.000237952
0.000234091
0.0002331
0.000202398
0.000198264
0.000191366
0.000189461
0.000185654
0.000158828
0.000156332
0.000153402
0.000151295
0.000146008
0.000120784
0.000119313
0.000115855
0.000114097
0.000107565
9.75686e-05
9.61367e-05
8.63473e-05
8.3494e-05
7.83108e-05
7.56174e-05
7.46351e-05
5.80489e-05
5.64052e-05
5.54298e-05
5.47706e-05
5.44146e-05
4.94826e-05
4.90012e-05
4.80473e-05
4.68179e-05
4.55924e-05
3.65657e-05
3.61913e-05
3.51805e-05
3.40794e-05
3.31661e-05
3.17335e-05
3.15788e-05
2.91557e-05
2.73231e-05
2.58562e-05
2.50018e-05
2.4846e-05
2.22971e-05
2.06132e-05
1.94605e-05
1.87377e-05
1.85033e-05
1.39148e-05
1.36063e-05
1.33727e-05
1.29049e-05
1.2563e-05
1.08473e-05
1.07149e-05
1.05322e-05
9.96255e-06
9.53782e-06
8.34772e-06
8.27883e-06
7.7492e-06
7.25038e-06
7.08064e-06
6.87654e-06
6.83883e-06
6.12041e-06
5.75762e-06
5.69258e-06
5.56736e-06
5.53024e-06
4.84217e-06
4.73153e-06
4.67718e-06
4.59825e-06
4.55183e-06
3.92824e-06
3.88557e-06
3.82314e-06
3.58806e-06
3.43453e-06
3.04598e-06
3.0225e-06
2.97778e-06
2.67612e-06
2.52619e-06
2.20442e-06
2.17874e-06
2.09013e-06
1.88685e-06
1.8734e-06
1.84836e-06
1.84003e-06
1.71465e-06
1.6577e-06
1.64155e-06
1.59523e-06
1.55938e-06
1.34389e-06
1.32657e-06
1.31827e-06
1.28569e-06
1.26097e-06
1.13512e-06
1.11861e-06
1.10586e-06
9.92529e-07
9.48236e-07
8.48405e-07
8.40855e-07
8.18177e-07
7.00247e-07
6.85265e-07
6.64224e-07
6.60684e-07
6.23456e-07
5.501e-07
5.44241e-07
5.34432e-07
5.30776e-07
5.03754e-07
4.80887e-07
4.78469e-07
4.5692e-07
4.42125e-07
4.00319e-07
3.94224e-07
3.91695e-07
3.51679e-07
3.40258e-07
3.24725e-07
3.22889e-07
3.20674e-07
2.77687e-07
2.69503e-07
2.56836e-07
2.55422e-07
2.52379e-07
2.21061e-07
2.19679e-07
2.147e-07
2.12253e-07
2.00323e-07
1.73652e-07
1.71946e-07
1.62839e-07
1.55753e-07
1.38674e-07
1.33342e-07
1.32771e-07
1.20237e-07
1.16235e-07
1.11476e-07
1.10489e-07
1.10089e-07
9.48621e-08
