1
0.995122
0.994862
0.993635
0.968119
0.943395
0.903534
0.878083
0.863346
0.830016
0.828582
0.826934
0.826445
0.815659
0.812232
0.794887
0.790454
0.778855
0.759335
0.745312
0.727608
0.715741
0.707831
0.702967
0.693112
0.678388
0.656416
0.644461
0.64152
0.634416
0.632214
0.628454
0.621731
0.611442
0.606469
0.571857
0.555473
0.534813
0.524954
0.513818
0.5134
0.513394
0.510353
0.476887
0.447129
0.439023
0.432822
0.42967
0.423756
0.416745
0.412529
0.406857
0.404653
0.403234
0.402962
0.401142
0.39507
0.389278
0.379903
0.368904
0.356276
0.351126
0.347086
0.345755
0.343005
0.340833
0.339531
0.335624
0.332591
0.326452
0.32324
0.314561
0.299624
0.2941
0.291478
0.290538
0.289394
0.288715
0.285033
0.272085
0.268163
0.255957
0.251883
0.247192
0.244803
0.243109
0.241485
0.240622
0.238581
0.237391
0.23556
0.227901
0.21566
0.194109
0.187308
0.183106
0.182054
0.18068
0.174431
0.163181
0.161658
0.152956
0.144676
0.14096
0.139581
0.137792
0.136438
0.135439
0.133929
0.130161
0.119525
0.111495
0.106805
0.103194
0.102674
0.100959
0.0983922
0.0973937
0.0952731
0.0922463
0.0869199
0.0851226
0.0832956
0.0828312
0.0828
0.0817051
0.0802587
0.0785698
0.075566
0.0715325
0.0700265
0.068402
0.067421
0.0666538
0.0664536
0.0661493
0.0656632
0.0642737
0.059675
0.0546412
0.0541995
0.0536852
0.0528154
0.0524514
0.0520007
0.0502255
0.0487826
0.046385
0.0439539
0.040481
0.0392127
0.0385825
0.038464
0.0381242
0.0378625
0.0358405
0.0332923
0.0324186
0.0317557
0.0312812
0.0307084
0.0303568
0.0300435
0.0292054
0.0270141
0.0259755
0.0248573
0.0241723
0.0239842
0.0238894
0.0237817
0.0232354
0.0223213
0.0215538
0.0203073
0.0193752
0.0184814
0.0181195
0.0180186
0.0179633
0.0177294
0.0171682
0.0161556
0.0157225
0.015012
0.0146789
0.0144947
0.0142355
0.0140709
0.0138975
0.0136468
0.0132061
0.0127478
0.0120502
0.0113148
0.0112852
0.0112366
0.0109908
0.00987674
0.00950356
0.00882863
0.00860097
0.00807686
0.00790644
0.00785698
0.00782708
0.0077517
0.00764705
0.00750946
0.00714006
0.00668991
0.00654764
0.00651381
0.00647963
0.0063554
0.006306
0.00616808
0.00564093
0.00540626
0.0053204
0.00522587
0.00520754
0.00517887
0.00511061
0.00505842
0.00496929
0.0046823
0.004559
0.00445897
0.00439769
0.00430596
0.00428916
0.00426682
0.00416059
0.00383094
0.00369766
0.00366996
0.00362844
0.00361295
0.00358342
0.00355973
0.00351545
0.00345542
0.00333822
0.00317954
0.00315728
0.00309887
0.00307357
0.00305145
0.00297413
0.00286328
0.00266539
0.00259023
0.00253717
0.00249234
0.00245941
0.00243408
0.00238364
0.00233795
0.00212244
0.0019774
0.00194152
0.00192252
0.00188938
0.00188469
0.00187476
0.00186942
0.00181954
0.00168519
0.00166186
0.00163388
0.00160227
0.00159819
0.00159354
0.00155988
0.00147151
0.00142617
0.00140625
0.00132639
0.00131083
0.00130496
0.00126357
0.00123601
0.00115151
0.00110091
0.00106504
0.00105008
0.0010337
0.00102825
0.00102389
0.00101285
0.000956754
0.000863077
0.000849304
0.000829389
0.000821025
0.000817708
0.0008136
0.00077784
0.000745463
0.000726519
0.000658177
0.000637929
0.000629736
0.000617824
0.000602907
0.000563067
0.000544499
0.000530923
0.000506834
0.000506153
0.000504822
0.000498344
0.000446839
0.000375552
0.000364628
0.000361205
0.00035871
0.00034598
0.000332406
0.000319512
0.000290139
0.00026088
0.000258033
0.000253581
0.000233571
0.000202258
0.000182456
0.000173751
0.000172158
0.000170031
0.000160177
0.000145297
0.00014336
0.000138613
0.000136803
0.000134526
0.000132644
0.000126137
0.000108304
0.000103084
0.000102766
0.000100933
9.65099e-05
9.13603e-05
8.62761e-05
8.15276e-05
8.07095e-05
7.85427e-05
6.67301e-05
6.40568e-05
6.10936e-05
5.81476e-05
5.71835e-05
5.58529e-05
5.36633e-05
4.80587e-05
4.74328e-05
4.70082e-05
4.69272e-05
4.65684e-05
4.57504e-05
4.32607e-05
4.02951e-05
4.01142e-05
3.99914e-05
3.79169e-05
3.49823e-05
3.26827e-05
3.12654e-05
3.05075e-05
3.02375e-05
2.8722e-05
2.68494e-05
2.63844e-05
2.55678e-05
2.53206e-05
2.51425e-05
2.27579e-05
2.08703e-05
2.00034e-05
1.94652e-05
1.91821e-05
1.90029e-05
1.79479e-05
1.60996e-05
1.5926e-05
1.54654e-05
1.49461e-05
1.46136e-05
1.37471e-05
1.21577e-05
1.18955e-05
1.17699e-05
1.09628e-05
1.00242e-05
9.54256e-06
9.11574e-06
8.99508e-06
8.94667e-06
7.62963e-06
6.996e-06
6.79063e-06
6.5773e-06
6.51223e-06
5.83764e-06
5.52155e-06
5.45736e-06
5.36031e-06
5.22204e-06
4.57869e-06
4.27352e-06
4.23039e-06
4.10148e-06
3.83879e-06
3.55899e-06
3.02606e-06
3.01007e-06
2.96729e-06
2.72429e-06
2.48652e-06
2.13121e-06
2.11647e-06
2.04691e-06
1.79105e-06
1.7497e-06
1.72491e-06
1.70081e-06
1.67666e-06
1.37386e-06
1.3572e-06
1.3354e-06
1.30066e-06
1.26074e-06
1.12243e-06
1.1029e-06
1.09245e-06
1.00186e-06
9.44503e-07
8.24836e-07
8.04275e-07
7.91477e-07
6.75999e-07
6.50828e-07
6.30884e-07
6.23609e-07
6.15757e-07
5.61823e-07
4.84859e-07
4.77668e-07
4.66641e-07
4.58811e-07
4.16366e-07
3.84609e-07
3.81644e-07
3.74386e-07
3.68426e-07
3.29231e-07
2.89486e-07
2.8534e-07
2.74672e-07
2.50892e-07
2.36673e-07
2.21792e-07
2.17091e-07
2.02554e-07
1.79969e-07
1.7322e-07
1.69712e-07
1.682e-07
1.61565e-07
1.42528e-07
1.38557e-07
1.35613e-07
1.3354e-07
1.19654e-07
1.06728e-07
1.05069e-07
1.00922e-07
9.69128e-08
